8.98545550e-04 -2.36619544e+00  1.14734135e+01
2.67554470e-03 -2.24974298e+00  1.14623995e+01
1.18625192e-02 -2.22129035e+00  1.14498129e+01
6.25172025e-03 -2.19084144e+00  1.14523058e+01
5.13274875e-03 -2.16065931e+00  1.14573650e+01
9.30402800e-03 -2.13392138e+00  1.14530659e+01
3.76676489e-03 -2.10346937e+00  1.14553699e+01
1.28971497e-02 -2.07021403e+00  1.14433002e+01
7.41727976e-03 -2.03979039e+00  1.14454679e+01
6.58219494e-03 -2.01465249e+00  1.14494162e+01
3.28826369e-04 -2.00710058e+00  1.13997450e+01
6.90467749e-03 -2.09270358e+00  1.16477051e+01
4.70772851e-03 -2.00933957e+00  1.16493330e+01
8.34137108e-03 -2.14577675e+00  1.15564804e+01
2.38834135e-03 -2.12199640e+00  1.15691080e+01
1.33014005e-03 -2.09155893e+00  1.15740175e+01
4.66725323e-04 -2.06618547e+00  1.15780592e+01
